174
278
1221
1267
1659
2514
2516
2856
2914
3132
3209
3215
3216
3243
3269
3352
3356
3462
3786
3816
4134
4657
4750
4760
4761
4766
4785
4808
4811
4812
4835
4837
5384
5410
5617
5650
6147
6167
6568
6713
6724
6739
6799
7018
7029
7303
7489
7506
7552
7713
7922
8048
8075
8151
8193
8315
8334
8346
8359
8437
8452
8473
8560
8717
8796
8866
9009
9050
9123
9198
9269
9299
9304
9318
9335
9443
9484
9498
9583
9595
9808
9829
9891
9924
9930
10220
10796
11014
11426
11427
11556
11562
12252
12322
12332
12353
12389
12430
12479
12741
12849
12876
12880
12975
13285
13335
14061
14080
14117
14259
14593
14618
14868
15691
15802
16276
16509
16629
16735
17222
17451
17488
17552
17557
17621
17676
17787
17911
17995
18109
18209
18229
18403
19037
19429
19527
19871
20001
20207
20394
20473
20661
21491
21499
21599
21624
21782
22612
22616
22773
22884
22927
23106
23201
23693
23724
23888
23969
24088
24309
24435
24492
24496
24530
24532
24544
24560
24757
24835
24863
24940
24945
24955
25159
25184
25490
26210
27715
27847
27882
28126
28194
28343
28573
28665
28753
29119
29182
29256
29314
29357
29465
29582
30083
31042
31655
31898
32244
33182
33363
33934
34665
35179
35372
35682
35816
36223
36352
36454
36530
36884
36914
36917
36925
36947
37061
37063
37182
37183
37204
37518
37662
37680
37963
38136
38253
38264
38283
38365
38482
38511
38513
38588
38623
38701
38731
38794
39153
39927
40021
40065
41727
41745
42116
42337
42362
42610
42668
43581
43667
43754
44112
45090
45102
45458
45528
45758
45773
45820
45899
45903
46042
46558
46606
46783
48004
48715
49870
50597
50928
51032
51167
51300
51396
51559
52368
53062
53340
53667
55081
55423
55688
55720
55836
55933
55990
56005
56971
57354
57568
57858
58224
58254
58461
58466
58519
58541
58563
58715
58772
58791
58946
59134
59497
61173
61208
61512
62468
63526
63859
63949
131090
131111
131353
131366
131386
131423
131965
132165
132203
132280
132787
133694
133774
134286
134319
134365
134420
134465
134760
134761
134765
134768
135377
135407
135905
135932
135967
135983
136052
136065
136170
136188
136199
136284
136336
136565
136907
137687
137702
137718
137823
138152
138608
138678
138692
138968
139482
139959
139989
140061
140469
140527
140641
140825
140917
141159
141679
141995
141998
142002
142403
142608
146932
146966
146988
148981
149111
149124
149178
149734
149744
150132
150436
150544
151185
151518
151858
152488
152672
152826
153416
153523
196854
197119
197984
198610
198953
199636
199782
200303
200845
200899
202053
202448
202468
202660
203217
203953
204104
204203
204428
204576
205275
207713
208397
209605
209974
210476
210644
210820
211183
211724
211736
212219
212238
212552
212645
213807
213877
213960
214295
214309
214657
215311
215540
215590
215814
216071
262191
262418
263189
263476
263903
264411
264631
265691
266594
268137
268622
268663
268888
270082
270522
270603
271186
271814
272111
273683
327934
328224
328847
328853
329336
393960
394695
395793
396982
398101
399077
399804
401116
401120
401696
401701